ECF

Cupom

Cliente

     Valor

Prestações

Autorização

Status Rede

Código Operador

Contrato

Tipo Cliente

Tipo Cartão

Valor Entrada

Taxa

Valor Prestação

Despesas Financeiras

Hora

Data Vencimento

Valor IOF

Plano

	
71

215608

02201729069119

49,90

8

0

1

3974604

71215609

01

00

0,00

0,00

10,37

31,91

10:06:00

10/01/2023

1,15

08

	
71

215685

02062910237108

33,92

8

0

1

3974604

71215686

01

00

0,00

0,00

7,10

22,09

16:11:00

13/01/2023

0,79

08

 	
Totais

2

 

83,82

 

 

 

 

 

 

 

 

 

17,47

54,00

 

 

1,94

 

 
	
72

222482

02062614365113

269,50

8

0

1

4036086

72222483

01

00

0,00

0,00

56,43

175,66

16:01:00

13/01/2023

6,28

08

 	
Totais

1

 

269,50

 

 

 

 

 

 

 

 

 

56,43

175,66

 

 

6,28

 

 
	
77

298268

02201712335120

627,11

8

0

1

4029916

77298269

01

00

0,00

0,00

133,75

427,80

10:55:00

20/01/2023

15,09

08

	
77

298289

02062792863101

329,60

8

0

1

4029916

77298290

01

00

0,00

0,00

69,93

221,98

11:22:00

18/01/2023

7,86

08

 	
Totais

2

 

956,71

 

 

 

 

 

 

 

 

 

203,68

649,78

 

 

22,95

 

 
	
78

115946

02062908096101

89,90

8

0

1

4054460

78115947

01

01

0,00

0,00

19,33

62,55

11:43:00

23/01/2023

2,19

08

	
78

115982

02062752275110

909,20

8

0

1

4054460

78115983

01

01

0,00

0,00

193,92

620,28

12:20:00

20/01/2023

21,88

08

	
78

116117

02062626202125

299,80

8

0

1

4054460

78116118

01

00

0,00

0,00

62,28

191,55

15:25:00

10/01/2023

6,89

08

 	
Totais

3

 

1.298,90

 

 

 

 

 

 

 

 

 

275,53

874,38

 

 

30,96

 

 
	
79

236156

02062616891130

99,80

8

0

1

4061411

79236157

01

00

0,00

0,00

20,73

63,75

10:59:00

10/01/2023

2,29

08

	
79

236161

02062824684118

35,90

8

0

1

4061411

79236162

01

00

0,00

0,00

7,42

22,64

11:15:00

08/01/2023

0,82

08

 	
Totais

2

 

135,70

 

 

 

 

 

 

 

 

 

28,15

86,39

 

 

3,11

 

 
	
80

210725

02062757181130

141,70

8

0

1

4060181

80210726

01

00

0,00

0,00

30,63

99,85

09:40:00

25/01/2023

3,49

08

 	
Totais

1

 

141,70

 

 

 

 

 

 

 

 

 

30,63

99,85

 

 

3,49

 

 
	
81

348296

02062894497120

99,90

8

0

1

4031303

81348297

01

00

0,00

0,00

21,03

65,99

10:17:00

15/01/2023

2,35

08

	
81

348305

02062911772104

445,63

8

0

1

4031303

81348306

01

00

0,00

0,00

93,31

290,47

10:32:00

13/01/2023

10,38

08

	
81

348482

02062790935130

95,70

8

0

1

4031303

81348483

01

00

0,00

0,00

20,57

66,53

14:45:00

23/01/2023

2,33

08

	
81

348514

02062830342126

487,40

8

0

1

4031303

81348515

01

00

0,00

0,00

104,78

338,95

15:23:00

23/01/2023

11,89

08

	
81

348559

02062898178119

199,80

8

0

1

4031303

81348560

01

01

18,55

0,00

37,16

111,96

16:27:00

05/01/2023

4,07

08

 	
Totais

5

 

1.328,43

 

 

 

 

 

 

 

18,55

 

276,85

873,90

 

 

31,02

 

 
	
88

338463

02062811538118

229,80

8

0

1

4053817

88338464

01

00

0,00

0,00

49,40

159,79

12:09:00

23/01/2023

5,61

08

	
88

338583

02306712915108

265,15

8

0

1

4053817

88338584

01

00

159,80

0,00

21,77

66,41

16:17:00

08/01/2023

2,40

08

 	
Totais

2

 

494,95

 

 

 

 

 

 

 

159,80

 

71,17

226,20

 

 

8,01

 

 
	
89

261976

02163701857140

33,83

8

0

1

4037888

89261977

01

00

0,00

0,00

7,03

21,63

09:19:00

10/01/2023

0,78

08

	
89

262000

02062792537166

159,80

8

0

1

4037888

89262001

01

00

0,00

0,00

33,46

104,16

10:18:00

13/01/2023

3,72

08

	
89

262020

02062707709149

59,80

8

0

1

4037888

89262021

01

01

0,00

0,00

12,52

38,97

10:36:00

13/01/2023

1,39

08

	
89

262034

02062911774107

67,91

8

0

1

4037888

89262035

01

00

0,00

0,00

14,22

44,27

12:28:00

13/01/2023

1,58

08

	
89

262097

02062911574108

42,82

8

0

1

4037888

89262098

01

00

0,00

0,00

8,97

27,94

14:38:00

13/01/2023

1,00

08

 	
Totais

5

 

364,16

 

 

 

 

 

 

 

 

 

76,20

236,97

 

 

8,47

 

 
	
600

105021

02201706662115

179,80

8

1

4053817

105022

01

01

0,00

0,00

37,35

119,00

10:50:20

10/01/2023

4,13

01

 	
Totais

1

 

179,80

 

 

 

 

 

 

 

 

 

37,35

119,00

 

 

4,13

 

 
	
602

122604

02062911775103

26,91

8

1

3342220

2122605

01

01

0,00

0,00

5,79

19,41

12:26:03

23/01/2023

0,66

01

 	
Totais

1

 

26,91

 

 

 

 

 

 

 

 

 

5,79

19,41

 

 

0,66

 

 
 	
Totais

25

 

5.280,58

 

 

 

 

 

 

 

178,35

 

1.079,25

3.415,54

 

 

121,02

 

